$ANSIBLE_VAULT;1.1;AES256
37366365326333303238363161366666643931356139636461366532353365356361666331336564
6433336361636131356138396438323633343833323662350a323331366434653631343561336430
30353962376139353634363564373735623266653235333531643633356335653135333433373631
3562663835363032310a643939623565366132366161386137393732306331336636386432303634
31636261653365303961303662613539376436633535613364376634376163313233623332396239
33393663663137656562613831346365353330376139353439333062313165373963646464343231
33653663393634663061323238336335313430386166363631373736356532313965366166613563
32656431376632643035323831656339346335383732643764613434383266323264343462616531
37643236393062316235336630323563643034346339373561376365353335373639623362316330
61336434653436306365306665386632633739306130613265363031623430613463396235366234
37313061323132326264316138366132626232636336373837386439653834316263633934353934
65343064646666316663363334303331313565393236356365373633646234396430653263323136
30343862663739633532393730343934393130363261616134346665626339323466346532383938
3636343864613138343531616436666164653562343162636233
